# Sample code for AC On,Off and temperature control.


begin remote

  name   on
  flags  RAW_CODES
  eps     30
  aeps   100

  ptrail   0
  repeat 0 0
  gap 28205

  begin raw_codes
    
    name on

     617    17800

     3041     8942      516      477      520     1468
      524      472      522      472      522      473
      523      472      522      473      522      473
      522      475      520     1469      521      475
      519      499      496     1494      465      530
      489      506      491     1498      520     1470
      522     1467      523     1467      522     1468
      521      473      522      475      521      474
      520      476      520      474      519      510
      486      499      496      499      486      509
      489      506      491      503      494      502
      521      473      522      473      522      472
      523      472      523      472      523      472
      522      474      521      474      521      476
      519      476      519      475      519      476
      520      499      495      500      464      530
      489      506      491      504      519      476
      521      474      522      473      523     1466
      522     1467      523     1467      522     1469
      490     3003     2967     8972      520     1494
      496      499      466      529      488      508
      489      505      493      502      520      475
      522      473      522      473      522     1467
      523      472      522      473      522     1468
      521      475      520     1470      520     1468
      521     1494      465     1524      490     1500
      519     1470      523      473      523      472
      521      474      522      473      521      473
      523      472      522      474      521      475
      520      475      520      475      519      475
      520      500      495      500      464      530
      490      505      493      502      492      506
      517      478      519      472      524      471
      523      472      523      472      523      472
      522      472      523      474      521      475
      519      475      521      474      520      475
      520      499      496      499      465      530
      488      507      490      505      492      502
      520      475      523     2972     2997     8939
      523     1467      522      473      522      473
      522      474      522      474      521      474
      520      475      520      475      520      499
      495     1494      487      508      489      506
      492      503      517     1472      522     1467
      523     1467      523      472      523     1467
      522     1469      520     1470      520      475
      520     1494      494      500      465     1525
      490     1499      520      476      520      475
      522      472      523     1466      552     1438
      522     1468      522      474      521      475
      519      476      520      475      520      474
      520      500      495     1494      489      506
      491     1498      520     1469      523      473
      522      473      522     1466      523     1468
      522      473      523      473      521      475
      519      475      520      475      520      499
      496      499      465     1524      490     1499
      520     1469      524     1467      522
  
  end raw_codes

end remote


begin remote

  name   off
  flags  RAW_CODES
  eps     30
  aeps   100

  ptrail   0
  repeat 0 0
  gap 28205

  begin raw_codes
    
    name off

      602    17862

     2999     8947      522      475      520     1472
      519      478      518      500      495      501
      488      507      490      506      516      479
      520      475      522     1469      523      472
      523      473      522     1469      523     1468
      523      474      521     1471      520     1496
      495     1495      496     1495      491     1500
      519      477      520      476      521      474
      523      473      523      472      523      473
      522      473      523      472      523      473
      522      475      521      475      521      476
      519      476      520      477      519      499
      495      500      490      506      492      504
      518      477      520      476      521      474
      523      473      522      473      523      472
      523      474      522      473      522      474
      522      475      520      475      521      476
      519      477      519      475      521      499
      467      528      490     1501      518     1473
      523     2951     3023     8947      523     1468
      523      473      522      473      523      473
      522      474      522      474      521      476
      520      476      520      475      520     1495
      496      500      490      505      491     1500
      519      477      521     1469      523     1469
      522     1468      523     1468      523     1470
      521     1470      522      475      520      478
      518      499      496      499      490      507
      489      505      492      504      519      477
      521      474      523      473      522      474
      522      473      522      474      522      472
      524      473      522      474      522      474
      521      476      520      476      519      476
      520      499      496      500      466      529
      491      505      492      503      520      476
      521      475      522      473      523      473
      522      473      523      473      523      472
      523      474      522      471      524      474
      522      475      515     2980     2992     8957
      520     1495      466      530      489      506
      492      504      518      478      520      475
      522      474      522      473      522      473
      523     1468      523      472      523      474
      522      473      523      475      520      475
      521      476      519     1495      496     1496
      490     1500      518     1477      517     1470
      523     1468      525     1467      522     1469
      522     1469      522      475      520      476
      520      476      519     1496      496     1495
      489     1502      517      478      520      476
      521      475      522      473      522      474
      522      473      523      473      522      473
      522      474      522     1470      521      476
      520     1472      519     1495      495      501
      489      507      493      502      518      479
      518      477      520      475      522      473
      522      474      522      473      524      471
      524     1467      523     1469      492

  end raw_codes

end remote


begin remote
 
  name   25c
  flags  RAW_CODES
  eps     30
  aeps   100
 
  ptrail   0
  repeat 0 0
  gap 28205
 
  begin raw_codes
    
    name 25c

     603    17914

     3026     8939      523      473      523     1468
      521      473      523      474      520      474
      523      471      523      473      525      471
      521      474      520     1471      519      501
      495      499      496     1494      491      504
      518      477      520     1470      522     1467
      523     1467      523     1467      523     1467
      523      473      522      473      522      476
      519      476      519      499      496      499
      467      528      490      505      492      503
      518      478      520      474      522      474
      522      471      524      472      524      471
      523      472      523      473      523      472
      522      474      521      474      521      476
      519      476      519      499      496      499
      497      498      490      505      495      500
      519      476      521      474      523      472
      523      472      523      472      523     1467
      523     1466      528     1463      522     1470
      516     2976     3019     8924      519     1494
      491      504      490      506      517      478
      519      476      521      474      522      474
      521      473      523      472      522     1466
      524      472      523      473      522      474
      521     1470      520     1472      518     1493
      467      529      489     1500      518     1472
      521     1469      523      472      525     1464
      524      472      523     1467      523     1467
      522      475      521      476      519      476
      519     1494      495     1494      491     1498
      520      476      520      475      522      474
      523      472      522      473      522     1466
      524      472      523      473      522     1471
      519     1469      520      476      519      476
      521     1493      490     1499      518      477
      518      478      521      473      523      472
      523      472      523      473      523      472
      522     1467      523     1469      520     1470
      520     1471      542
 
  end raw_codes

end remote

